;massa A;;;
t;x;vx;ax;
0,000000E0;5,107112E-1;;
4,166155E-2;5,217869E-1;2,781793E-1;
8,332310E-2;5,338835E-1;2,804950E-1;4,634780E-2
1,249846E-1;5,451615E-1;2,765340E-1;2,208500E-1
1,666462E-1;5,569280E-1;2,996437E-1;7,163954E-1
2,083077E-1;5,701218E-1;3,374485E-1;9,832127E-1
2,499693E-1;5,850375E-1;3,815194E-1;1,137540E0
2,916308E-1;6,019151E-1;4,319974E-1;1,076776E0
3,332924E-1;6,210373E-1;4,736600E-1;6,066956E-1
3,749539E-1;6,413709E-1;4,835045E-1;7,284445E-2
4,166155E-1;6,613293E-1;4,765280E-1;-1,849988E-1
4,582770E-1;6,810816E-1;4,687787E-1;-1,692453E-1
4,999386E-1;7,003942E-1;4,615489E-1;-3,972936E-1
5,416001E-1;7,195440E-1;4,390200E-1;-5,004185E-1
5,832617E-1;7,369645E-1;4,148649E-1;-4,175899E-1
6,249232E-1;7,541022E-1;4,067103E-1;-1,576651E-1
6,665848E-1;7,708571E-1;4,009098E-1;-3,475318E-1
7,082463E-1;7,875114E-1;3,807665E-1;-4,198501E-1
7,499079E-1;8,025876E-1;3,608270E-1;-2,795649E-1
7,915694E-1;8,175803E-1;3,600327E-1;9,497044E-3
8,332310E-1;8,325783E-1;3,616957E-1;-2,283927E-2
8,748925E-1;8,477096E-1;3,590233E-1;-2,214022E-2
9,165541E-1;8,624969E-1;3,578741E-1;-2,716398E-1
9,582156E-1;8,775324E-1;3,407049E-1;-4,064062E-1
9,998772E-1;8,908890E-1;3,181671E-1;-6,471383E-1
1,041539E0;9,040463E-1;2,923220E-1;-5,891985E-1
1,083200E0;9,152492E-1;2,636005E-1;-6,381522E-1
1,124862E0;9,260043E-1;2,432194E-1;-5,057936E-1
1,166523E0;9,355094E-1;2,191291E-1;-3,410542E-1
1,208185E0;9,442650E-1;2,137669E-1;-1,235919E-1
1,249846E0;9,533233E-1;2,119327E-1;-1,930466E-1
1,291508E0;9,619261E-1;1,969580E-1;-1,536881E-1
1,333170E0;9,697364E-1;1,960544E-1;-1,414919E-1
1,374831E0;9,782574E-1;1,909047E-1;-2,358132E-1
1,416493E0;9,856452E-1;1,719887E-1;-4,535055E-1
1,458154E0;9,925898E-1;1,552533E-1;-3,954189E-1
1,499816E0;9,985778E-1;1,374159E-1;-5,002804E-1
1,541477E0;1,004041E0;1,155796E-1;-6,974766E-1
1,583139E0;1,008209E0;7,883942E-2;-9,341976E-1
1,624800E0;1,010608E0;3,688782E-2;-9,199159E-1
1,666462E0;1,011282E0;1,405264E-3;-7,835558E-1
1,708124E0;1,010726E0;-2,762002E-2;-6,499409E-1
1,749785E0;1,008980E0;-5,311724E-2;-7,089308E-1
1,791447E0;1,006299E0;-8,493051E-2;-6,922554E-1
1,833108E0;1,001903E0;-1,139086E-1;-7,966515E-1
1,874770E0;9,968105E-1;-1,471969E-1;-6,319236E-1
1,916431E0;9,896365E-1;-1,724121E-1;-6,619689E-1
1,958093E0;9,824429E-1;-1,956423E-1;-6,650730E-1
1,999754E0;9,733395E-1;-2,317787E-1;-8,556438E-1
2,041416E0;9,630662E-1;-2,649498E-1;-7,097866E-1
2,083077E0;9,512604E-1;-2,944125E-1;-6,605502E-1
2,124739E0;9,386103E-1;-3,181806E-1;-5,072810E-1
2,166401E0;9,247453E-1;-3,376308E-1;-4,537862E-1
2,208062E0;9,104744E-1;-3,537048E-1;-3,711105E-1
2,249724E0;8,952699E-1;-3,704297E-1;-3,316860E-1
2,291385E0;8,796176E-1;-3,807198E-1;-3,448837E-1
2,333047E0;8,635560E-1;-3,978752E-1;-2,745809E-1
2,374708E0;8,464613E-1;-4,067789E-1;-2,192091E-1
2,416370E0;8,296577E-1;-4,121132E-1;-1,931841E-1
2,458031E0;8,121186E-1;-4,254429E-1;-1,271624E-1
2,499693E0;7,942183E-1;-4,237179E-1;3,775040E-2
2,541354E0;7,768229E-1;-4,194924E-1;1,138091E-1
2,583016E0;7,592606E-1;-4,162539E-1;1,959276E-1
2,624678E0;7,421350E-1;-4,025860E-1;1,767288E-1
2,666339E0;7,257118E-1;-3,991535E-1;5,566716E-2
2,708001E0;7,088722E-1;-4,011867E-1;1,911261E-1
2,749662E0;6,922929E-1;-3,838150E-1;2,367870E-1
2,791324E0;6,769005E-1;-3,766464E-1;1,990159E-1
2,832985E0;6,609057E-1;-3,727692E-1;2,510856E-1
2,874647E0;6,458364E-1;-3,527860E-1;2,480796E-1
2,916308E0;6,315069E-1;-3,502405E-1;3,510001E-1
2,957970E0;6,166496E-1;-3,303590E-1;2,820870E-1
2,999632E0;6,039770E-1;-3,165641E-1;3,287118E-1
3,041293E0;5,902693E-1;-3,127353E-1;3,253266E-1
3,082955E0;5,779261E-1;-2,847787E-1;6,244241E-1
3,124616E0;5,665472E-1;-2,613119E-1;1,749664E-1
3,166278E0;5,561501E-1;-2,660210E-1;1,265262E-1
3,207939E0;5,443788E-1;-2,604393E-1;-7,614903E-2
3,249601E0;5,344556E-1;-2,605872E-1;1,406865E-1
3,291262E0;5,226719E-1;-2,611346E-1;-2,492093E-1
3,332924E0;5,126856E-1;-2,678629E-1;-1,691198E-1
3,374585E0;5,003500E-1;-2,877820E-1;-3,451420E-1
3,416247E0;4,887134E-1;-2,888353E-1;-4,559838E-2
3,457909E0;4,762804E-1;-2,958859E-1;-1,151712E-1
3,499570E0;4,640661E-1;-2,959209E-1;7,462260E-2
3,541232E0;4,516203E-1;-2,914800E-1;-6,472787E-3
3,582893E0;4,397567E-1;-2,930170E-1;-2,832437E-1
3,624555E0;4,272120E-1;-3,167059E-1;-4,870755E-1
3,666216E0;4,133856E-1;-3,360917E-1;-3,590610E-1
3,707878E0;3,992043E-1;-3,446152E-1;-6,561074E-2
3,749539E0;3,846562E-1;-3,430771E-1;-7,494275E-2
3,791201E0;3,706146E-1;-3,473173E-1;-7,879266E-3
3,832863E0;3,557247E-1;-3,488808E-1;-7,983909E-2
3,874524E0;3,415528E-1;-3,486892E-1;-7,863996E-2
3,916186E0;3,266672E-1;-3,587555E-1;-1,960939E-1
3,957847E0;3,116565E-1;-3,638783E-1;-6,789824E-2
3,999509E0;2,963562E-1;-3,654443E-1;3,163199E-2
4,041170E0;2,812028E-1;-3,605451E-1;1,134948E-1
4,082832E0;2,663107E-1;-3,557467E-1;1,565104E-1
4,124493E0;2,515691E-1;-3,483740E-1;5,209663E-2
4,166155E0;2,372912E-1;-3,490252E-1;-6,985970E-2
4,207816E0;2,224837E-1;-3,565038E-1;-1,717282E-1
4,249478E0;2,075825E-1;-3,621090E-1;1,695328E-1
4,291140E0;1,923080E-1;-3,463826E-1;3,917064E-1
4,332801E0;1,787173E-1;-3,234433E-1;3,513720E-1
4,374463E0;1,653543E-1;-3,195339E-1;3,176891E-1
4,416124E0;1,521001E-1;-2,997550E-1;4,549797E-1
4,457786E0;1,403848E-1;-2,770110E-1;4,064092E-1
4,499447E0;1,290159E-1;-2,679337E-1;3,496540E-1
4,541109E0;1,180569E-1;-2,490560E-1;6,330823E-1
4,582770E0;1,082612E-1;-2,147920E-1;6,035906E-1
4,624432E0;1,001576E-1;-1,948916E-1;4,917624E-1
4,666093E0;9,202027E-2;-1,792227E-1;4,345333E-1
4,707755E0;8,522836E-2;-1,552090E-1;3,492843E-1
4,749417E0;7,909136E-2;-1,497631E-1;-1,268692E-1
4,791078E0;7,274810E-2;-1,656316E-1;1,509067E-1
4,832740E0;6,528872E-2;-1,454562E-1;6,459026E-1
4,874401E0;6,062675E-2;-1,018097E-1;3,937679E-1
4,916063E0;5,680798E-2;-1,117409E-1;2,015023E-1
4,957724E0;5,131873E-2;-9,710484E-2;5,396041E-1
4,999386E0;4,871591E-2;-5,504728E-2;8,004572E-1
5,041047E0;4,673145E-2;-3,502796E-2;5,124871E-1
5,082709E0;4,579691E-2;-1,137898E-2;4,756522E-1
5,124371E0;4,578320E-2;5,168247E-3;4,821121E-1
5,166032E0;4,622742E-2;2,651912E-2;5,551977E-1
5,207694E0;4,799225E-2;5,355677E-2;5,509805E-1
5,249355E0;5,069049E-2;7,226861E-2;6,594279E-1
5,291017E0;5,401463E-2;1,053955E-1;1,068104E0
5,332678E0;5,947344E-2;1,629592E-1;9,734382E-1
5,374340E0;6,759457E-2;1,923977E-1;5,660398E-1
5,416001E0;7,550018E-2;2,030046E-1;3,857193E-1
5,457663E0;8,450485E-2;2,270293E-1;7,196706E-1
5,499324E0;9,441928E-2;2,608370E-1;5,314170E-1
5,540986E0;1,062413E-1;2,772237E-1;3,350683E-1
5,582648E0;1,175213E-1;2,820171E-1;3,695282E-1
5,624309E0;1,297427E-1;3,098171E-1;4,112963E-1
5,665971E0;1,433393E-1;3,202588E-1;4,391200E-1
5,707632E0;1,564309E-1;3,388058E-1;4,873320E-1
5,749294E0;1,715732E-1;3,682305E-1;5,199039E-1
5,790955E0;1,871045E-1;3,791867E-1;2,128126E-1
5,832617E0;2,031594E-1;3,867357E-1;3,240850E-1
5,874278E0;2,193325E-1;4,033660E-1;3,932458E-1
5,915940E0;2,367732E-1;4,231736E-1;3,249133E-1
5,957602E0;2,545829E-1;4,289466E-1;9,340753E-2
5,999263E0;2,725474E-1;4,307420E-1;-7,055540E-2
6,040925E0;2,904780E-1;4,244532E-1;-3,596415E-1
6,082586E0;3,078760E-1;4,013224E-1;-5,417942E-1
6,124248E0;3,239216E-1;3,763705E-1;-6,200317E-1
6,165909E0;3,392402E-1;3,519096E-1;-7,142567E-1
6,207571E0;3,532356E-1;3,164969E-1;-7,425419E-1
6,249232E0;3,656044E-1;2,878873E-1;-5,170274E-1
6,290894E0;3,772262E-1;2,742034E-1;-3,401023E-1
6,332555E0;3,884547E-1;2,607283E-1;-3,700204E-1
6,374217E0;3,989536E-1;2,428451E-1;-3,564933E-1
6,415879E0;4,086918E-1;2,301700E-1;-1,223863E-1
6,457540E0;4,181344E-1;2,322440E-1;-7,647133E-2
6,499202E0;4,280377E-1;2,274514E-1;-2,486584E-1
6,540863E0;4,370811E-1;2,087767E-1;-3,846659E-1
6,582525E0;4,454428E-1;1,952325E-1;-3,927954E-1
6,624186E0;4,533505E-1;1,775666E-1;-3,287472E-1
6,665848E0;4,602341E-1;1,650406E-1;-7,064481E-2
6,707509E0;4,671094E-1;1,718722E-1;1,867629E-1
6,749171E0;4,745911E-1;1,824361E-1;1,869631E-1
6,790833E0;4,823063E-1;1,878387E-1;8,282911E-2
6,832494E0;4,902005E-1;1,895478E-1;1,337797E-1
6,874156E0;4,980956E-1;1,970458E-1;3,446912E-1
6,915817E0;5,066210E-1;2,183770E-1;3,611437E-1
6,957479E0;5,162937E-1;2,302635E-1;2,429722E-1
6,999140E0;5,258096E-1;2,352397E-1;2,191507E-1
7,040802E0;5,358892E-1;2,497188E-1;4,502877E-1
7,082463E0;5,466112E-1;2,717250E-1;4,293804E-1
7,124125E0;5,585420E-1;2,881682E-1;3,066245E-1
7,165786E0;5,706252E-1;2,952242E-1;1,013942E-1
7,207448E0;5,831342E-1;2,981161E-1;2,929937E-1
7,249110E0;5,954682E-1;3,154121E-1;3,943069E-1
7,290771E0;6,094185E-1;3,365652E-1;3,197813E-1
7,332433E0;6,235153E-1;3,396085E-1;1,736187E-1
7,374094E0;6,377192E-1;3,500025E-1;3,663441E-1
7,415756E0;6,526705E-1;3,709431E-1;4,130064E-1
7,457417E0;6,686188E-1;3,859473E-1;1,797628E-1
7,499079E0;6,848328E-1;3,854917E-1;-3,790983E-2
7,540740E0;7,007431E-1;3,813607E-1;-5,704030E-2
7,582402E0;7,166129E-1;3,810894E-1;-1,613819E-1
7,624063E0;7,325005E-1;3,697008E-1;-1,499719E-1
7,665725E0;7,474213E-1;3,643521E-1;-1,384382E-1
7,707387E0;7,628632E-1;3,627338E-1;-4,867125E-2
7,749048E0;7,776491E-1;3,570107E-1;6,308863E-2
7,790710E0;7,926022E-1;3,684833E-1;6,495965E-2
7,832371E0;8,083437E-1;3,661884E-1;-1,466446E-1
7,874033E0;8,231301E-1;3,520616E-1;-2,504077E-1
7,915694E0;8,376705E-1;3,468845E-1;-3,240158E-1
7,957356E0;8,520140E-1;3,271235E-1;-3,230109E-1
7,999017E0;8,649308E-1;3,145119E-1;-3,491979E-1
8,040679E0;8,782234E-1;3,039164E-1;-2,953169E-1
8,082341E0;8,902571E-1;2,854253E-1;-1,208904E-2
8,124002E0;9,020088E-1;3,012216E-1;4,046665E-1
8,165664E0;9,153690E-1;3,245831E-1;5,354271E-1
8,207325E0;9,290574E-1;3,426117E-1;3,964511E-1
8,248987E0;9,438971E-1;3,605313E-1;1,864784E-1
8,290648E0;9,590897E-1;3,580413E-1;-3,884686E-2
8,332310E0;9,737339E-1;3,542656E-1;-4,107545E-1
8,373971E0;9,886118E-1;3,294926E-1;-6,991627E-1
8,415633E0;1,001192E0;2,894963E-1;-1,110273E0
8,457294E0;1,012736E0;2,423257E-1;-1,274051E0
8,498956E0;1,021385E0;1,792209E-1;-1,463182E0
8,540618E0;1,027672E0;1,215501E-1;-1,197708E0
8,582279E0;1,031511E0;7,727070E-2;-1,193386E0
8,623941E0;1,034108E0;2,707084E-2;-1,115548E0
8,665602E0;1,033766E0;-2,170653E-2;-1,087097E0
8,707264E0;1,032299E0;-5,894041E-2;-1,025989E0
8,748925E0;1,028857E0;-1,083849E-1;-1,107762E0
8,790587E0;1,023271E0;-1,525179E-1;-9,726651E-1
8,832248E0;1,016147E0;-1,884658E-1;-7,375589E-1
8,873910E0;1,007565E0;-2,150431E-1;-6,585475E-1
8,915572E0;9,982266E-1;-2,410287E-1;-6,967319E-1
8,957233E0;9,874797E-1;-2,742955E-1;-6,001519E-1
8,998895E0;9,753686E-1;-2,930739E-1;-5,493000E-1
9,040556E0;9,630666E-1;-3,156050E-1;-4,108801E-1
9,082218E0;9,490787E-1;-3,330196E-1;-4,350818E-1
9,123879E0;9,353150E-1;-3,458464E-1;-4,311347E-1
9,165541E0;9,202582E-1;-3,722143E-1;-3,779388E-1
9,207202E0;9,042971E-1;-3,788305E-1;-2,493775E-1
9,248864E0;8,886890E-1;-3,882801E-1;-1,338497E-1
9,290525E0;8,719404E-1;-3,955875E-1;-1,322796E-1
9,332187E0;8,557366E-1;-3,946573E-1;-2,253072E-2
9,373849E0;8,390523E-1;-3,997944E-1;-1,846711E-1
9,415510E0;8,224070E-1;-4,080471E-1;-2,426427E-1
9,457172E0;8,050620E-1;-4,220142E-1;-1,905588E-1
9,498833E0;7,872533E-1;-4,245556E-1;-1,128882E-1
9,540495E0;7,696824E-1;-4,286463E-1;-1,271689E-1
9,582156E0;7,515327E-1;-4,374722E-1;-2,341479E-2
9,623818E0;7,332409E-1;-4,312064E-1;1,929283E-1
9,665479E0;7,155989E-1;-4,193369E-1;1,748026E-1
9,707141E0;6,982962E-1;-4,165957E-1;1,247015E-1
9,748802E0;6,808964E-1;-4,108266E-1;1,141495E-1
9,790464E0;6,640606E-1;-4,047252E-1;-2,217765E-2
9,832126E0;6,471693E-1;-4,126124E-1;2,525970E-2
9,873787E0;6,296625E-1;-4,067399E-1;7,682587E-2
9,915449E0;6,132879E-1;-4,007051E-1;3,055515E-1
9,957110E0;5,962971E-1;-3,880032E-1;1,722492E-1
9,998772E0;5,809543E-1;-3,779472E-1;
1,004043E1;5,648015E-1;;
